$ANSIBLE_VAULT;1.1;AES256
36303133363664356630373038336538343963343961313535326639326364386165393065613631
6635623666316330653763376331643565623731646264660a636130343935623532623835353434
38346465333561363666616331363461366137666262633836303161613834363565313635373034
3036306466333966350a343035343237373664346434336463373763393762646534353539303331
62663332663030383831303939353634623162353738623938303031303165343331646361616534
36316662386431646663626435373437663865383938316530373662613361316265306433303765
33653366303062386566636339663837333731356333653661666564373738336231666337336636
37666639393735616631323461633231323339616438313535653761383238323633393734363262
30386362346564326464316537353439616363663465616539326536393836386438613133333634
62366636613434333735623938323139333638383035383439656633323939346464393839623438
36666539333337316332653736656563663834303037383530366534376336646331356566316236
65363961643339306333393765376437363461363136393835643263663932653039343863653537
33303436313231373538376365666237373966663866386365323234346137393236363561373139
64356232346637333934306636376263396235363232646364633330626166333361633730303230
65636434613430643437653165393231613462386437343864623433323261643061646131363534
31613166613462633733316339366631643531396235643564326365303438343930613239373231
62653461636564333136303935323130303430306162613534653362336333336539626538313437
66386338363665336166303039613730356634386234366165613266393534383436623331333866
62623466396130363334396631623366626465613434343937656232643930346666393662643934
30623264316130336634323763666434383161396332616261313066663866333531346236643161
32386261323939316465633430643334396138353564393830326239393336613635
