$ANSIBLE_VAULT;1.1;AES256
62613233306266386639353134623464326437666432663864616633373163373461393637313636
3138306332323838383639396266626334323663663664340a636162393665613939306164616135
36313164376535353633323437373630396665326563633730303138366330663963646666306530
6335363236386536660a323739313565373133326634653463666134393465333364666364313365
38303634623863323234393762656533666363313165323236323538633839623266383335636261
64313262663230366631313537373336306265303138363233316132653937633963633062643764
34393763623234636331346530633365313133653839303936323866313234653065666463653266
37653564366435353135613839373638646162656366633065633865663864353064386531376237
66643833646633366139323936656239326464356330633237356536306365643830646561353662
33653662353264313263383132303261623033353235663434313039613861343038316463376535
38316237343639353935316631373438613637313065376461303334646263383231656565303336
34303437656339333438336533323231653861646165373763363939353665333364636439323931
6133
